Huffman Encoding Report (Word-Level)
Total Tokens: 151296
Unique Symbols: 286
================================================================================
Symbol               | Frequency  | Code                 | Bits Used
--------------------------------------------------------------------------------
' '                  | 68928      | 0                    | 68928
the                  | 4656       | 11000                | 23280
,                    | 4272       | 10010                | 21360
to                   | 2976       | 110111               | 17856
of                   | 2112       | 100110               | 12672
.                    | 2016       | 100001               | 12096
a                    | 1968       | 100000               | 11808
I                    | 1680       | 1111001              | 11760
and                  | 1392       | 1101010              | 9744
was                  | 1248       | 1101000              | 8736
in                   | 1152       | 1010010              | 8064
research             | 1152       | 1010111              | 8064
-                    | 1056       | 1000110              | 7392
cells                | 1056       | 1000111              | 7392
for                  | 1008       | 11111111             | 8064
school               | 1008       | 1000100              | 7056
my                   | 864        | 11110110             | 6912
with                 | 816        | 11110001             | 6528
on                   | 816        | 11110100             | 6528
'\n'                 | 768        | 11100000             | 6144
summer               | 720        | 11010111             | 5760
had                  | 720        | 11011000             | 5760
(                    | 720        | 11011010             | 5760
)                    | 720        | 11010110             | 5760
that                 | 720        | 11011001             | 5760
high                 | 672        | 11010011             | 5376
me                   | 672        | 11010010             | 5376
curcumin             | 624        | 11001111             | 4992
from                 | 576        | 10101101             | 4608
this                 | 576        | 10110101             | 4608
other                | 576        | 10110001             | 4608
able                 | 528        | 10001011             | 4224
2                    | 480        | 111110111            | 4320
or                   | 480        | 111111010            | 4320
’                    | 432        | 111101010            | 3888
nanoparticles        | 432        | 111101011            | 3888
student              | 432        | 111110000            | 3888
trying               | 432        | 111110011            | 3888
Using                | 432        | 111110100            | 3888
cell                 | 432        | 111110010            | 3888
were                 | 432        | 111101110            | 3888
students             | 432        | 111110001            | 3888
REU                  | 384        | 111001100            | 3456
program              | 384        | 111000011            | 3456
effects              | 384        | 111010000            | 3456
as                   | 384        | 111010101            | 3456
delivery             | 384        | 111001001            | 3456
opportunity          | 384        | 111000101            | 3456
HeLa                 | 384        | 111011101            | 3456
cervical             | 384        | 111000010            | 3456
cancer               | 384        | 110110110            | 3456
experience           | 384        | 111001000            | 3456
Notre                | 288        | 101100001            | 2592
Dame                 | 288        | 101100110            | 2592
Professor            | 288        | 101110001            | 2592
known                | 288        | 100111101            | 2592
find                 | 288        | 110011010            | 2592
it                   | 288        | 110010101            | 2592
after                | 288        | 101000110            | 2592
help                 | 288        | 101111100            | 2592
apoptosis            | 288        | 110010010            | 2592
death                | 288        | 101101001            | 2592
necrosis             | 288        | 110010000            | 2592
them                 | 288        | 101110101            | 2592
determine            | 288        | 101111111            | 2592
died                 | 288        | 101110111            | 2592
played               | 288        | 101010010            | 2592
t                    | 288        | 110010011            | 2592
year                 | 288        | 110010110            | 2592
This                 | 240        | 100010100            | 2160
CoFe                 | 240        | 1111101101           | 2400
O                    | 240        | 1111110111           | 2400
TiO                  | 240        | 1111110010           | 2400
drug                 | 240        | 1111111000           | 2400
but                  | 240        | 1111110110           | 2400
many                 | 240        | 1111111010           | 2400
position             | 240        | 1111101010           | 2400
each                 | 240        | 1111111001           | 2400
individually         | 240        | 1111110011           | 2400
/                    | 240        | 1111101011           | 2400
4                    | 240        | 1111101100           | 2400
science              | 240        | 1111111011           | 2400
world                | 240        | 1111110001           | 2400
college              | 240        | 1111110000           | 2400
there                | 192        | 1110101000           | 1920
seminars             | 192        | 1110001111           | 1920
one                  | 192        | 1110101110           | 1920
end                  | 192        | 1110101100           | 1920
results              | 192        | 1110110011           | 1920
whether              | 192        | 1111000000           | 1920
not                  | 192        | 1110010101           | 1920
would                | 192        | 1110011010           | 1920
pursue               | 192        | 1110110100           | 1920
has                  | 192        | 1110110000           | 1920
past                 | 144        | 1010001000           | 1440
privilege            | 144        | 1010000011           | 1440
participating        | 144        | 1010011100           | 1440
University           | 144        | 1010101001           | 1440
s                    | 144        | 1011001111           | 1440
Research             | 144        | 1010100010           | 1440
Experience           | 144        | 1010000010           | 1440
Undergraduates       | 144        | 1010110010           | 1440
Under                | 144        | 1010011110           | 1440
mentorship           | 144        | 1011000001           | 1440
Wendy                | 144        | 1011011010           | 1440
Bozeman              | 144        | 1011100110           | 1440
Georgia              | 144        | 1100101110           | 1440
Lebedev              | 144        | 1011101000           | 1440
department           | 144        | 1100111001           | 1440
Biological           | 144        | 1010101101           | 1440
Sciences             | 144        | 1001111111           | 1440
goal                 | 144        | 1011011111           | 1440
cobalt               | 144        | 1011011000           | 1440
iron                 | 144        | 1010101010           | 1440
oxide                | 144        | 1001110100           | 1440
cored                | 144        | 1010101110           | 1440
3                    | 144        | 1011110000           | 1440
titanium             | 144        | 1011110111           | 1440
dioxide              | 144        | 1010011111           | 1440
scaffold             | 144        | 1100100010           | 1440
specifically         | 144        | 1011100111           | 1440
compound             | 144        | 1011001000           | 1440
flavonoid            | 144        | 1010101000           | 1440
its                  | 144        | 1011100000           | 1440
anti                 | 144        | 1100111011           | 1440
inflammatory         | 144        | 1011001110           | 1440
As                   | 144        | 1001110001           | 1440
very                 | 144        | 1010000000           | 1440
difficult            | 144        | 1011011110           | 1440
place                | 144        | 1100101001           | 1440
willing              | 144        | 1100110001           | 1440
take                 | 144        | 1011110100           | 1440
months               | 144        | 1011011101           | 1440
sought               | 144        | 1001111000           | 1440
biology              | 144        | 1011111011           | 1440
teacher              | 144        | 1001110110           | 1440
who                  | 144        | 1011001011           | 1440
used                 | 144        | 1011111100           | 1440
his                  | 144        | 1011110011           | 1440
resources            | 144        | 1010101111           | 1440
obtain               | 144        | 1011010001           | 1440
equipment            | 144        | 1010000111           | 1440
could                | 144        | 1010000110           | 1440
only                 | 144        | 1010000101           | 1440
dream                | 144        | 1011110001           | 1440
using                | 144        | 1100101111           | 1440
map                  | 144        | 1011110110           | 1440
programmed           | 144        | 1011100001           | 1440
versus               | 144        | 1010001010           | 1440
due                  | 144        | 1011000000           | 1440
damage               | 144        | 1011101001           | 1440
line                 | 144        | 1011011011           | 1440
treating             | 144        | 1010001001           | 1440
bound                | 144        | 1011101100           | 1440
flow                 | 144        | 11110111111          | 1584
cytometry            | 144        | 1011001001           | 1440
excite               | 144        | 1100111010           | 1440
suspended            | 144        | 1011010000           | 1440
laser                | 144        | 1000101011           | 1440
scattered            | 144        | 1010000100           | 1440
light                | 144        | 1000101010           | 1440
helped               | 144        | 1011101101           | 1440
which                | 144        | 1010001011           | 1440
living               | 144        | 1100100011           | 1440
collected            | 144        | 1001110011           | 1440
data                 | 144        | 1001110010           | 1440
possible             | 144        | 1001110000           | 1440
if                   | 144        | 1100111000           | 1440
any                  | 144        | 1010100011           | 1440
significant          | 144        | 1010101100           | 1440
role                 | 144        | 1010100111           | 1440
Later                | 144        | 1010100110           | 1440
image                | 144        | 1001111110           | 1440
D                    | 144        | 1010100001           | 1440
through              | 144        | 1010100000           | 1440
con                  | 144        | 1100110111           | 1440
focal                | 144        | 1100110110           | 1440
microscopy           | 144        | 1010000001           | 1440
From                 | 144        | 1001111101           | 1440
growing              | 144        | 1001111100           | 1440
kill                 | 144        | 1011100101           | 1440
different            | 144        | 1011100100           | 1440
compounds            | 144        | 1100101000           | 1440
gain                 | 144        | 1100110011           | 1440
hands                | 144        | 1100110010           | 1440
necessary            | 144        | 1100110000           | 1440
realize              | 144        | 1011110101           | 1440
once                 | 144        | 1010110011           | 1440
again                | 144        | 1010011011           | 1440
why                  | 144        | 1010011010           | 1440
love                 | 144        | 1010110001           | 1440
Living               | 144        | 1010110000           | 1440
campus               | 144        | 1010011001           | 1440
UND                  | 144        | 1010011000           | 1440
athletes             | 144        | 1011011100           | 1440
whole                | 144        | 1001111001           | 1440
prepared             | 144        | 1010001111           | 1440
beyond               | 144        | 1010001110           | 1440
For                  | 144        | 1011011001           | 1440
9                    | 144        | 1011111010           | 1440
weeks                | 144        | 1001110111           | 1440
worked               | 144        | 1010011101           | 1440
bonded               | 144        | 1010101011           | 1440
live                 | 144        | 1011001010           | 1440
life                 | 144        | 1011111101           | 1440
an                   | 144        | 1001110101           | 1440
independent          | 144        | 1011110010           | 1440
Along                | 96         | 11101111101          | 1056
tailored             | 96         | 11101111100          | 1056
projects             | 96         | 11101001111          | 1056
housing              | 96         | 11101001110          | 1056
public               | 96         | 11100011101          | 1056
speaking             | 96         | 11100011100          | 1056
trips                | 96         | 11011011101          | 1056
Fermi                | 96         | 11011011100          | 1056
National             | 96         | 11101111001          | 1056
Accelerator          | 96         | 11101111000          | 1056
Laboratory           | 96         | 11101100011          | 1056
writing              | 96         | 11101100010          | 1056
papers               | 96         | 11101011111          | 1056
we                   | 96         | 11101011110          | 1056
required             | 96         | 11100111011          | 1056
write                | 96         | 11100111010          | 1056
By                   | 96         | 11101011010          | 1056
wasn                 | 96         | 11100111101          | 1056
ready                | 96         | 11100111100          | 1056
leave                | 96         | 11100111111          | 1056
doing                | 96         | 11100111110          | 1056
While                | 96         | 11101000101          | 1056
didn                 | 96         | 11101000100          | 1056
yield                | 96         | 11101000110          | 1056
definitive           | 96         | 11100111001          | 1056
functionalized       | 96         | 11100111000          | 1056
core                 | 96         | 11110000101          | 1056
shell                | 96         | 11110000100          | 1056
nanoconjugates       | 96         | 11101110001          | 1056
indicated            | 96         | 11101110000          | 1056
unknown              | 96         | 11101110011          | 1056
factors              | 96         | 11101110010          | 1056
affecting            | 96         | 11100101111          | 1056
spurred              | 96         | 11100101110          | 1056
lab                  | 96         | 11101100101          | 1056
expand               | 96         | 11101100100          | 1056
their                | 96         | 11110000111          | 1056
into                 | 96         | 11110000110          | 1056
determining          | 96         | 11100101101          | 1056
timing               | 96         | 11100101100          | 1056
mattered             | 96         | 11110000011          | 1056
binding              | 96         | 11110000010          | 1056
site                 | 96         | 11101101101          | 1056
drugs                | 96         | 11101101100          | 1056
alter                | 96         | 11101001011          | 1056
Through              | 96         | 11101001010          | 1056
realized             | 96         | 11100110111          | 1056
ambition             | 96         | 11100110110          | 1056
career               | 96         | 11100101001          | 1056
always               | 96         | 11100101000          | 1056
knew                 | 96         | 11011011110          | 1056
want                 | 96         | 11110111110          | 1056
future               | 96         | 11101101111          | 1056
exciting             | 96         | 11101101110          | 1056
where                | 96         | 11100011001          | 1056
discoveries          | 96         | 11101111011          | 1056
are                  | 96         | 11101111010          | 1056
limitless            | 96         | 11101001101          | 1056
captured             | 96         | 11101001100          | 1056
heart                | 96         | 11110111101          | 1056
offered              | 96         | 11110111100          | 1056
long                 | 96         | 11101101011          | 1056
job                  | 96         | 11101101010          | 1056
despite              | 96         | 11011011111          | 1056
obligations          | 96         | 11101011011          | 1056
senior               | 96         | 11100010011          | 1056
preparing            | 96         | 11100010010          | 1056
couldn               | 96         | 11100010001          | 1056
give                 | 96         | 11101000111          | 1056
up                   | 96         | 11100010000          | 1056
offer                | 96         | 11101001001          | 1056
so                   | 96         | 11101001000          | 1056
during               | 96         | 11100011000          | 1056
will                 | 96         | 11100011011          | 1056
be                   | 96         | 11100011010          | 1056
further              | 96         | 11101111111          | 1056
both                 | 96         | 11101111110          | 1056
interest             | 96         | 11101010011          | 1056
nanotechnology       | 96         | 11101010010          | 1056

================================================================================
Original size (symbol-based bits): 2420736
Compressed size (symbol-based bits): 752592
Estimated compression ratio: 68.91%
